class DracoIncendiarySmokeRing extends RocketSmokeRing;

defaultproperties
{
     mStartParticles=1
     //mLifeRange(0)=2.800000
     //mLifeRange(1)=12.500000
     
     mLifeRange(0)=1.50000
     mLifeRange(1)=10.5000
     mSpeedRange(0)=50.000000
     mSpeedRange(1)=50.000000
     mSpinRange(0)=-10.000000
     mSpinRange(1)=10.000000
     mSizeRange(0)=50.000000
     mSizeRange(1)=1790.000000
     mGrowthRate=1100.000000
}
