class CSBioBomberBigGoopSmoke extends XEffects.GoopSmoke;

defaultproperties
{
     mLifeRange(0)=1.200000
     mLifeRange(1)=2.300000
     mSpeedRange(0)=80.000000
     mSpeedRange(1)=200.000000
     mSizeRange(0)=260.000000
     mSizeRange(1)=340.000000
     mGrowthRate=25.000000
}
