class AlligatorSmokeRing extends RocketSmokeRing;

defaultproperties
{
     mLifeRange(0)=1.800000
     mLifeRange(1)=4.000000
     mSpinRange(0)=-10.000000
     mSizeRange(0)=95.000000
     mSizeRange(1)=390.000000
     mGrowthRate=120.000000
}
