class ONSMoBrkRocktProj extends ONSMASRocketProjectile;

defaultproperties
{
     Speed=9000.000000
     MaxSpeed=9300.000000
     Damage=75.000000
     DamageRadius=550.000000
     LifeSpan=10.000000
     FluidSurfaceShootStrengthMod=13.000000
}
