class ONSMobreakRocketProj extends ONSRocketProjectile;

defaultproperties
{
     Speed=19500.000000
     MaxSpeed=19500.000000
     Damage=350.000000
     DamageRadius=850.000000
     MomentumTransfer=200000.000000
     LifeSpan=1.400000
}
